image_width: 640
image_height: 480
camera_name: left_camera
camera_matrix:
  rows: 3
  cols: 3
  data: [306.8283433576163, 0, 311.5565741900073, 0, 306.5745550140264, 289.794530105195, 0, 0, 1]
distortion_model: plumb_bob
distortion_coefficients:
  rows: 1
  cols: 5
  data: [0.01518378604461674, -0.02941059383976993, -0.001231414305749864, -0.002595032277542524, 0]
rectification_matrix:
  rows: 3
  cols: 3
  data: [0.999934356520204, -0.001946280199258767, 0.0112913526165549, 0.001860313733081367, 0.9999692446240406, 0.007618991983205121, -0.01130583403999531, -0.007597486387721177, 0.9999072238549176]
projection_matrix:
  rows: 3
  cols: 4
  data: [368.6712443447943, 0, 306.6929244995117, 0, 0, 368.6712443447943, 274.7612113952637, 0, 0, 0, 1, 0]