image_width: 640
image_height: 480
camera_name: right_camera
camera_matrix:
  rows: 3
  cols: 3
  data: [307.8856283100909, 0, 349.9636503677311, 0, 307.4526581272692, 226.4436643594703, 0, 0, 1]
distortion_model: plumb_bob
distortion_coefficients:
  rows: 1
  cols: 5
  data: [0.004669691036762017, -0.02318763685263409, -0.001413272606531457, 0.001360967612078555, 0]
rectification_matrix:
  rows: 3
  cols: 3
  data: [0.9992045242703159, -0.008515940212737029, 0.03895891990320863, 0.008812166238860926, 0.9999335075924115, -0.007438153004306692, -0.03889298656454936, 0.00777554861279162, 0.9992131286366587]
projection_matrix:
  rows: 3
  cols: 4
  data: [368.6712443447943, 0, 306.6929244995117, -71.22700258738605, 0, 368.6712443447943, 274.7612113952637, 0, 0, 0, 1, 0]