# oST version 5.0 parameters


[image]

width
640

height
480

[narrow_stereo/left]

camera matrix
285.842560 0.000000 331.856257
0.000000 284.678898 245.226258
0.000000 0.000000 1.000000

distortion
-0.061036 0.002687 -0.000995 -0.003255 0.000000

rectification
0.998394 -0.007502 -0.056157
0.008143 0.999904 0.011198
0.056068 -0.011638 0.998359

projection
277.701220 0.000000 379.803886 0.000000
0.000000 277.701220 235.182486 0.000000
0.000000 0.000000 1.000000 0.000000

# oST version 5.0 parameters


[image]

width
640

height
480

[narrow_stereo/right]

camera matrix
289.385258 0.000000 348.471718
0.000000 288.569944 230.962807
0.000000 0.000000 1.000000

distortion
-0.052099 -0.004720 -0.000040 0.000778 0.000000

rectification
0.999676 -0.018933 -0.017022
0.018737 0.999757 -0.011583
0.017238 0.011260 0.999788

projection
277.701220 0.000000 379.803886 -45.201463
0.000000 277.701220 235.182486 0.000000
0.000000 0.000000 1.000000 0.000000

