image_width: 640
image_height: 480
camera_name: narrow_stereo/right
camera_matrix:
  rows: 3
  cols: 3
  data: [289.385258, 0.000000, 348.471718, 0.000000, 288.569944, 230.962807, 0.000000, 0.000000, 1.000000]
distortion_model: plumb_bob
distortion_coefficients:
  rows: 1
  cols: 5
  data: [-0.052099, -0.004720, -0.000040, 0.000778, 0.000000]
rectification_matrix:
  rows: 3
  cols: 3
  data: [0.999676, -0.018933, -0.017022, 0.018737, 0.999757, -0.011583, 0.017238, 0.011260, 0.999788]
projection_matrix:
  rows: 3
  cols: 4
  data: [277.701220, 0.000000, 379.803886, -45.201463, 0.000000, 277.701220, 235.182486, 0.000000, 0.000000, 0.000000, 1.000000, 0.000000]
